6706089839646739724
6706000731830226183
6704862432025644301
6704556166535449860
6703501063992904973
6700884332149476622
6699731204603645187
6698270559274274060
6696101428240321796
6695346677282245902
6693458712075439364
6691195948544036109
6689345718479490318
6688255492369681676
6685638370946714883
6685137187651980556
6684830499464023300
6684130837346127112
6684113428824460555
6683718904491019528
6683438379280895243
6683384135689440523
6683056964554984718
6680455942204558595
6675255814388714764
6672636623349353740
6670060840479100171
6667450972882603278
6664823561724759300
6662256462938508548
6659279428574563598
6657076325662067980
6654062451081874700
6653720674353286413
6653400031225187595
6652542681022991629
6652294557222309124
6651801500668398855